-8361902038521679933
-7597971692361035836
-3897952757564949226
2792885491701137647
-5027268408101167202
-978429100181036469
-6868349053230810619
771672820454055134
-1068530184800507977
5422207231082798023
-1384054454292793220
-1141975840901055579
3766202846020847949
-3830187512969194774
6281733084104950942
6820301700804665894
-5230054004096735104
-8990248993616594146
2804773896103306068
-8986047768890022947
-8323153416445358315
-9185308222249542974
-1723664629993344620
-265497029774859434
-7729125577912983848
6665554539437127922
5256313304726472029
-4257857307956385228
8770717235601184681
5744639071437704601
8550476174135248596
5621770686271697130
